Modified GramSchmidt QR decomposition:
Contents of randomly generated matrix A:
   0.840   0.394   0.783   0.798
   0.912   0.198   0.335   0.768
   0.278   0.554   0.477   0.629
   0.365   0.513   0.952   0.916
   0.636   0.717   0.142   0.607
   0.016   0.243   0.137   0.804
   0.157   0.401   0.130   0.109
   0.999   0.218   0.513   0.839
Matrix Q:
   0.472  -0.032   0.315  -0.224
   0.512  -0.301  -0.156   0.201
   0.156   0.480   0.102  -0.011
   0.205   0.382   0.684  -0.006
   0.357   0.461  -0.605  -0.076
   0.009   0.272   0.006   0.893
   0.088   0.373  -0.177  -0.312
   0.561  -0.328   0.012   0.093
Matrix R:
   1.782   0.894   1.161   1.759
   0.000   0.864   0.450   0.659
   0.000   0.000   0.793   0.451
   0.000   0.000   0.000   0.679
Note that R is upper triangular.
Checking that Q^(TRANSPOSED)*Q=I:
   1.000   0.000   0.000   0.000
   0.000   1.000  -0.000   0.000
   0.000  -0.000   1.000   0.000
   0.000   0.000   0.000   1.000
Success!
Checking that QR=A:
   0.840   0.394   0.783   0.798
   0.912   0.198   0.335   0.768
   0.278   0.554   0.477   0.629
   0.365   0.513   0.952   0.916
   0.636   0.717   0.142   0.607
   0.016   0.243   0.137   0.804
   0.157   0.401   0.130   0.109
   0.999   0.218   0.513   0.839
Success!


Random square matrix A:
   0.613   0.296   0.638   0.524
   0.494   0.973   0.293   0.771
   0.527   0.770   0.400   0.892
   0.283   0.352   0.808   0.919
Random vector b:
   0.070
   0.949
   0.526
   0.086
Factorizing A=QR and solving QRx=b:
Computed x:
  -0.510
   1.758
   0.473
  -0.839
Computed Q:
   0.620  -0.730  -0.170  -0.232
   0.499   0.641  -0.171  -0.557
   0.533   0.235  -0.157   0.797
   0.287   0.023   0.958  -0.010
Computed R:
   0.988   1.181   0.986   1.449
   0.000   0.597  -0.165   0.343
   0.000   0.000   0.552   0.519
   0.000   0.000   0.000   0.150
Checking that Ax=b:
   0.070
   0.949
   0.526
   0.086
Success!
Computed inverse of A ie. A^(-1):
   1.772  -2.101   2.930  -2.090
  -0.018   4.076  -4.107   0.573
   1.145   3.171  -5.269   1.797
  -1.545  -3.702   5.303  -0.067
Checking that A*A^(-1)=I:
   1.000   0.000  -0.000  -0.000
   0.000   1.000   0.000   0.000
   0.000   0.000   1.000  -0.000
   0.000   0.000   0.000   1.000
Success!
Checking that A^(-1)*A=I:
   1.000  -0.000  -0.000  -0.000
   0.000   1.000   0.000   0.000
   0.000   0.000   1.000   0.000
  -0.000  -0.000  -0.000   1.000
Success!
